      parameter(xi1= 0.1786178958448091D+00)
      parameter(xi2=-0.2123418310626054D+00)
      parameter(xi3=-0.6626458266981849D-01)
      parameter(xi4= 0.7123418310626054D+00)
      parameter(xi5= 0.7752933736500187D+00)
