       parameter(xi1= 0.1644986515575760D+00)
       parameter(xi2=-0.2094333910398989D-01)
       parameter(xi3= 0.1235692651138917D+01)
       parameter(xi4= 0.5209433391039899D+00)
       parameter(xi5=-0.1800382605392986D+01)
